# Painel esquerdo: dsigma/dPT [nb/GeV]
# x = PT [GeV]
# serie  xlo  xhi  y  eyl  eyh
ts1_ho        0.000    1.000  1.55000e+00  0.00000e+00  0.00000e+00
ts1_ho        1.000    2.000  1.50000e+00  0.00000e+00  0.00000e+00
ts1_ho        2.000    3.000  1.12000e+00  0.00000e+00  0.00000e+00
ts1_ho        3.000    4.000  6.80000e-01  0.00000e+00  0.00000e+00
ts1_ho        4.000    5.000  3.60000e-01  0.00000e+00  0.00000e+00
ts1_ho        5.000    6.000  1.70000e-01  0.00000e+00  0.00000e+00
ts1_ho        6.000    7.000  7.50000e-02  0.00000e+00  0.00000e+00
ts1_ho        7.000    8.000  3.00000e-02  0.00000e+00  0.00000e+00
ts1_ho        8.000    9.000  1.10000e-02  0.00000e+00  0.00000e+00
ts1_ho        9.000   10.000  4.00000e-03  0.00000e+00  0.00000e+00
ts1_py        0.000    1.000  1.58100e+00  0.00000e+00  0.00000e+00
ts1_py        1.000    2.000  1.65000e+00  0.00000e+00  0.00000e+00
ts1_py        2.000    3.000  1.28800e+00  0.00000e+00  0.00000e+00
ts1_py        3.000    4.000  8.16000e-01  0.00000e+00  0.00000e+00
ts1_py        4.000    5.000  4.39200e-01  0.00000e+00  0.00000e+00
ts1_py        5.000    6.000  2.12500e-01  0.00000e+00  0.00000e+00
ts1_py        6.000    7.000  9.75000e-02  0.00000e+00  0.00000e+00
ts1_py        7.000    8.000  4.05000e-02  0.00000e+00  0.00000e+00
ts1_py        8.000    9.000  1.54000e-02  0.00000e+00  0.00000e+00
ts1_py        9.000   10.000  6.00000e-03  0.00000e+00  0.00000e+00
s0_ho         0.000    1.000  2.20000e-02  0.00000e+00  0.00000e+00
s0_ho         1.000    2.000  1.30000e-02  0.00000e+00  0.00000e+00
s0_ho         2.000    3.000  7.50000e-03  0.00000e+00  0.00000e+00
s0_ho         3.000    4.000  4.20000e-03  0.00000e+00  0.00000e+00
s0_ho         4.000    5.000  2.10000e-03  0.00000e+00  0.00000e+00
s0_ho         5.000    6.000  1.00000e-03  0.00000e+00  0.00000e+00
s0_ho         6.000    7.000  4.00000e-04  0.00000e+00  0.00000e+00
s0_ho         7.000    8.000  1.80000e-04  0.00000e+00  0.00000e+00
s0_ho         8.000    9.000  6.00000e-05  0.00000e+00  0.00000e+00
s0_ho         9.000   10.000  1.80000e-05  0.00000e+00  0.00000e+00
s0_py         0.000    1.000  2.40000e-02  0.00000e+00  0.00000e+00
s0_py         1.000    2.000  5.20000e-02  0.00000e+00  0.00000e+00
s0_py         2.000    3.000  5.50000e-02  0.00000e+00  0.00000e+00
s0_py         3.000    4.000  4.20000e-02  0.00000e+00  0.00000e+00
s0_py         4.000    5.000  2.50000e-02  0.00000e+00  0.00000e+00
s0_py         5.000    6.000  1.20000e-02  0.00000e+00  0.00000e+00
s0_py         6.000    7.000  4.50000e-03  0.00000e+00  0.00000e+00
s0_py         7.000    8.000  1.80000e-03  0.00000e+00  0.00000e+00
s0_py         8.000    9.000  6.00000e-04  0.00000e+00  0.00000e+00
s0_py         9.000   10.000  2.00000e-04  0.00000e+00  0.00000e+00
h1_all        0.350    1.050  1.40000e+00  1.40000e-01  1.40000e-01
h1_all        1.050    1.750  2.10000e+00  1.68000e-01  1.68000e-01
h1_all        1.750    2.450  1.65000e+00  1.32000e-01  1.32000e-01
h1_all        2.450    3.150  1.10000e+00  8.80000e-02  8.80000e-02
h1_all        3.150    3.850  6.20000e-01  6.20000e-02  6.20000e-02
h1_all        3.850    4.750  2.90000e-01  3.48000e-02  3.48000e-02
h1_all        4.750    6.250  5.50000e-02  8.25000e-03  8.25000e-03
h1_all        6.300    7.500  7.20000e-03  1.44000e-03  1.44000e-03
h1_all        7.200   10.000  1.50000e-03  1.05000e-03  1.05000e-03
h1_bsub       0.350    1.050  1.37200e+00  1.37200e-01  1.37200e-01
h1_bsub       1.050    1.750  2.05800e+00  1.64640e-01  1.64640e-01
h1_bsub       1.750    2.450  1.60050e+00  1.28040e-01  1.28040e-01
h1_bsub       2.450    3.150  1.05600e+00  8.44800e-02  8.44800e-02
h1_bsub       3.150    3.850  5.89000e-01  5.89000e-02  5.89000e-02
h1_bsub       3.850    4.750  2.69700e-01  3.23640e-02  3.23640e-02
h1_bsub       4.750    6.250  4.84000e-02  7.26000e-03  7.26000e-03
h1_bsub       6.300    7.500  5.90400e-03  1.18080e-03  1.18080e-03
h1_bsub       7.200   10.000  9.00000e-04  6.30000e-04  6.30000e-04
