# Painel direito: sigma(gamma p -> J/psi X) [nb]
# x = W_gp [GeV]
# serie  xlo  xhi  y  eyl  eyh
ts1_ho       60.000   80.000  1.40000e+01  0.00000e+00  0.00000e+00
ts1_ho       80.000  100.000  1.70000e+01  0.00000e+00  0.00000e+00
ts1_ho      100.000  120.000  1.95000e+01  0.00000e+00  0.00000e+00
ts1_ho      120.000  140.000  2.20000e+01  0.00000e+00  0.00000e+00
ts1_ho      140.000  160.000  2.50000e+01  0.00000e+00  0.00000e+00
ts1_ho      160.000  180.000  2.75000e+01  0.00000e+00  0.00000e+00
ts1_ho      180.000  200.000  2.95000e+01  0.00000e+00  0.00000e+00
ts1_ho      200.000  220.000  3.10000e+01  0.00000e+00  0.00000e+00
ts1_ho      220.000  240.000  3.20000e+01  0.00000e+00  0.00000e+00
ts1_tune     60.000   80.000  1.95000e+01  0.00000e+00  0.00000e+00
ts1_tune     80.000  100.000  2.45000e+01  0.00000e+00  0.00000e+00
ts1_tune    100.000  120.000  2.80000e+01  0.00000e+00  0.00000e+00
ts1_tune    120.000  140.000  3.10000e+01  0.00000e+00  0.00000e+00
ts1_tune    140.000  160.000  3.40000e+01  0.00000e+00  0.00000e+00
ts1_tune    160.000  180.000  3.65000e+01  0.00000e+00  0.00000e+00
ts1_tune    180.000  200.000  3.85000e+01  0.00000e+00  0.00000e+00
ts1_tune    200.000  220.000  4.00000e+01  0.00000e+00  0.00000e+00
ts1_tune    220.000  240.000  4.15000e+01  0.00000e+00  0.00000e+00
s0_ho        60.000   80.000  2.10000e+00  0.00000e+00  0.00000e+00
s0_ho        80.000  100.000  2.40000e+00  0.00000e+00  0.00000e+00
s0_ho       100.000  120.000  2.70000e+00  0.00000e+00  0.00000e+00
s0_ho       120.000  140.000  3.00000e+00  0.00000e+00  0.00000e+00
s0_ho       140.000  160.000  3.30000e+00  0.00000e+00  0.00000e+00
s0_ho       160.000  180.000  3.55000e+00  0.00000e+00  0.00000e+00
s0_ho       180.000  200.000  3.80000e+00  0.00000e+00  0.00000e+00
s0_ho       200.000  220.000  4.10000e+00  0.00000e+00  0.00000e+00
s0_ho       220.000  240.000  4.40000e+00  0.00000e+00  0.00000e+00
s0_tune      60.000   80.000  1.85000e+01  0.00000e+00  0.00000e+00
s0_tune      80.000  100.000  2.35000e+01  0.00000e+00  0.00000e+00
s0_tune     100.000  120.000  2.80000e+01  0.00000e+00  0.00000e+00
s0_tune     120.000  140.000  3.20000e+01  0.00000e+00  0.00000e+00
s0_tune     140.000  160.000  3.55000e+01  0.00000e+00  0.00000e+00
s0_tune     160.000  180.000  3.85000e+01  0.00000e+00  0.00000e+00
s0_tune     180.000  200.000  4.10000e+01  0.00000e+00  0.00000e+00
s0_tune     200.000  220.000  4.30000e+01  0.00000e+00  0.00000e+00
s0_tune     220.000  240.000  4.50000e+01  0.00000e+00  0.00000e+00
band_lo      60.000   80.000  4.00000e+00  0.00000e+00  0.00000e+00
band_lo      80.000  100.000  4.00000e+00  0.00000e+00  0.00000e+00
band_lo     100.000  120.000  4.00000e+00  0.00000e+00  0.00000e+00
band_lo     120.000  140.000  4.00000e+00  0.00000e+00  0.00000e+00
band_lo     140.000  160.000  4.00000e+00  0.00000e+00  0.00000e+00
band_lo     160.000  180.000  4.00000e+00  0.00000e+00  0.00000e+00
band_lo     180.000  200.000  4.00000e+00  0.00000e+00  0.00000e+00
band_lo     200.000  220.000  4.00000e+00  0.00000e+00  0.00000e+00
band_lo     220.000  240.000  4.00000e+00  0.00000e+00  0.00000e+00
band_hi      60.000   80.000  1.40000e+01  0.00000e+00  0.00000e+00
band_hi      80.000  100.000  1.70000e+01  0.00000e+00  0.00000e+00
band_hi     100.000  120.000  1.95000e+01  0.00000e+00  0.00000e+00
band_hi     120.000  140.000  2.20000e+01  0.00000e+00  0.00000e+00
band_hi     140.000  160.000  2.50000e+01  0.00000e+00  0.00000e+00
band_hi     160.000  180.000  2.75000e+01  0.00000e+00  0.00000e+00
band_hi     180.000  200.000  2.95000e+01  0.00000e+00  0.00000e+00
band_hi     200.000  220.000  3.10000e+01  0.00000e+00  0.00000e+00
band_hi     220.000  240.000  3.20000e+01  0.00000e+00  0.00000e+00
h1_2010      60.000   78.000  2.30000e+01  4.00000e+00  4.00000e+00
h1_2010      80.000  100.000  2.40000e+01  4.50000e+00  4.50000e+00
h1_2010     100.000  120.000  2.40000e+01  5.00000e+00  5.00000e+00
h1_2010     120.000  140.000  3.00000e+01  5.00000e+00  5.00000e+00
h1_2010     140.000  160.000  3.50000e+01  5.50000e+00  5.50000e+00
h1_2010     160.000  180.000  3.00000e+01  6.00000e+00  6.00000e+00
h1_2010     180.000  210.000  3.10000e+01  6.00000e+00  6.00000e+00
h1_2010     210.000  240.000  3.30000e+01  7.00000e+00  7.00000e+00
